12
20
21
22
23
24
25
100499483
27
28
30
29
31
33
34
32
35
37
36
38
39
43
47
48
49
50
51
52
53
54
56
58
59
60
114757
70
71
72
8266
81
86
87
88
89
90
91
92
114781
93
114783
114784
114785
114786
114787
114788
94
114790
114791
114792
114793
114794
102
103
104
105
108
109
114795
114798
114799
114800
114803
114804
114805
111
112
113
115
116
117
118
114815
127
123
114818
124
125
126
114822
114823
128
114825
114826
114827
131
132
133
134
136
142
146
147
114836
143
148
150
151
152
153
154
155
158
160
161
162
163
164
165
167
173
174
175
176
177
178
181
182
183
185
186
187
114876
189
190
114879
114880
114881
114882
114883
114884
114885
191
196
197
199
203
204
207
208
114897
114898
114899
210
211
213
214
114904
114905
216
114907
114908
217
218
219
220
224
226
221
222
229
223
225
230
231
114926
238
114928
239
240
241
242
245
246
247
248
249
250
257
258
259
262
265
266
267
268
269
270
271
114960
273
272
274
275
57621
276
279
280
114971
283
284
285
286
287
288
290
291
292
293
114987
301
114990
114991
302
305
303
304
308
306
307
309
312
313
310
311
314
316
317
318
319
320
321
322
323
324
325
327
326
329
328
115019
332
333
334
330
336
335
337
339
338
341
342
343
344
345
346
347
348
350
351
353
354
355
356
357
358
359
360
361
362
363
364
366
367
368
369
372
373
374
375
377
378
379
381
382
383
384
387
388
389
390
391
392
393
394
395
396
397
398
399
400
401
402
403
405
406
407
408
409
410
411
412
414
416
417
115106
419
420
421
427
100131244
429
430
432
433
434
435
438
440
443
444
445
460
462
463
466
467
468
471
472
473
474
475
476
477
95
478
479
480
481
482
483
486
487
488
97
489
490
491
493
98
495
496
492
501
100532726
100
100532731
101
115201
115207
115209
523
525
526
527
528
529
533
534
535
537
538
107
540
545
546
547
549
550
551
552
553
554
558
100131378
563
566
567
570
571
572
573
100131390
114
574
115265
578
579
580
581
582
583
115273
585
586
587
590
593
594
595
596
597
115286
119
598
599
115290
602
120
604
115294
605
607
608
610
611
613
617
618
622
623
624
627
629
631
632
633
634
635
636
637
638
639
640
641
115330
642
643
644
645
646
648
649
650
651
652
653
654
130
655
656
657
658
659
661
115350
662
663
664
665
666
667
668
669
670
671
672
115362
673
675
676
677
678
135
680
682
683
684
685
686
687
688
689
8884
694
695
696
699
701
140
705
706
708
141
710
712
713
714
715
716
717
718
719
720
722
725
726
727
115416
728
729
730
731
100188893
732
733
734
735
115426
740
741
744
747
752
754
757
758
759
760
761
762
763
765
766
767
768
770
771
773
774
775
776
777
778
779
780
781
782
783
784
785
786
788
790
793
794
795
796
797
799
800
801
805
808
810
811
813
814
815
816
817
818
819
820
115509
821
822
9016
823
824
825
826
828
829
830
831
832
834
835
836
837
838
839
840
841
842
843
844
845
846
847
100631383
857
115548
862
863
864
865
866
867
868
869
871
115560
873
874
875
100533105
881
885
886
887
889
890
891
892
894
115584
896
898
899
900
901
902
904
905
100303755
908
909
910
911
912
913
914
915
916
917
919
920
921
922
923
924
925
926
928
929
930
931
932
933
939
940
941
942
943
944
945
946
947
948
949
950
951
952
953
954
955
956
957
958
959
100533184
960
115650
961
962
963
965
966
967
968
969
970
971
972
973
974
975
977
978
983
984
100131801
987
988
990
991
993
994
995
996
997
998
999
1000
1001
1002
1003
1004
1005
1006
1007
1008
1009
1010
1012
115701
1013
1014
1016
1017
115704
1019
115708
1020
1021
1022
1024
1025
1026
1027
1028
1029
1030
1031
1032
1033
1036
1038
115727
1039
1040
1041
1043
1044
1045
1046
1047
1048
1050
1051
1052
1053
1054
1056
1057
1058
1059
1060
115749
1062
1063
1066
212
1068
1069
1070
1071
1072
1073
115761
1075
1080
1081
215
1084
1087
1088
1089
1101
1102
1103
1104
1105
1106
1107
1108
1109
1111
1112
1113
1114
1116
1117
1118
1119
1120
1121
1122
1123
1124
1128
1129
1130
1131
115817
1133
1132
1134
1135
115825
1136
1139
115827
1141
1137
1138
1140
1145
1142
1147
1143
1144
1146
1149
1152
1153
1154
1155
1158
1159
1160
1161
1163
1164
1173
1174
1175
1176
1178
1179
1180
1181
1182
1183
1184
1185
1186
1187
1188
1191
1192
1193
1195
1196
1198
1200
1201
1203
1207
1208
1209
1211
1212
1213
1215
115908
1230
1232
1233
1234
1235
1236
1237
1240
1241
1244
100132074
1258
1259
1261
1262
1263
1264
1265
1266
1267
1268
1269
1270
1271
100533496
1272
1277
1278
1280
1281
1282
1284
1286
1288
1292
115992
116028
116039
100885848
1373
116064
116068
1395
116113
116115
116138
116150
116151
2012
116154
100287932
116159
100500938
100861412
2014
116225
116228
116236
116238
116254
100132386
1943
1591
1945
1946
1949
1622
1951
9825
91746
100271715
1953
1639
1954
1956
105375355
1958
1959
331
1960
1961
1962
116379
100132565
116441
116442
116443
116444
1978
116449
1979
100271849
116461
1983
9993
10009
10011
10014
10015
10016
10018
10019
10020
10021
10022
10023
10024
10025
10026
116519
10036
10038
10042
10043
10044
1996
10048
10049
1997
10051
10052
10053
10054
10055
10056
10057
10058
10059
10060
10062
10063
1870
2000
10066
10067
10068
10069
10072
2002
10075
10076
100820829
10079
10081
10082
100132707
10083
10085
2004
2005
10089
10090
10092
10093
10094
10095
10096
10097
10098
10099
10100
10102
1910
1911
10105
10106
10107
1912
10109
1915
10111
10112
10113
10114
1917
10116
2009
10120
10121
10123
10124
10125
10126
1933
1936
10129
10130
1937
1938
10133
10134
10135
1942
10137
10138
10139
10140
100288413
10142
10143
10144
1944
10146
10147
10148
1948
10150
1950
10152
1952
10154
10155
1955
10157
10158
10159
10160
10161
10162
10163
10164
1965
10166
1967
10168
1969
1973
10171
10172
1974
10174
10175
1975
1977
10178
10179
10180
10181
1981
1982
10184
1984
1990
1991
10188
1992
1993
1994
1995
10193
10194
10195
10196
10197
10198
1998
1999
10201
2001
10203
10204
10205
10206
2006
10208
10209
10210
10211
2011
10213
2013
10215
10216
10217
10220
10221
2029
2030
10225
10226
10227
10228
10229
2033
10231
2034
116729
10234
2035
10236
10237
10238
10239
2040
10241
10242
10243
10244
10245
2036
2046
2047
2037
10250
10251
10252
10253
10254
2038
2055
10257
2057
2059
10260
10261
10262
2063
2064
10265
10266
2066
2067
10269
2041
2070
10272
2072
10274
2042
10276
10277
10278
2043
10280
10281
10282
2091
10284
10285
2044
10287
10288
10289
10290
10291
2045
2098
10294
10295
10296
10297
10298
2099
10300
10301
10302
2103
2104
2048
2107
10307
10308
10309
2049
2110
10312
10313
10314
2050
10316
10317
10318
10319
10320
10321
10322
2051
2123
10325
2052
2128
10328
2130
2053
2131
2132
10333
2134
2054
10336
2137
2138
2139
2140
2145
10342
10343
116840
10345
116842
2056
116844
10349
10350
10351
10352
2152
2153
2155
2159
2160
2161
2162
10360
2165
10362
10363
2166
10365
2060
2167
10368
10369
10370
10371
2171
2172
2173
2175
2176
2177
2178
10379
10380
10381
2181
2184
2185
10385
2186
2188
2189
10389
10390
10391
2065
2192
2193
10395
10396
10397
10398
2199
10400
2200
10402
2202
2203
2068
2205
2207
2208
10409
2069
10411
10412
10413
2213
2214
2215
2217
2218
2219
10420
10421
10422
10423
10424
10425
10426
10427
10428
2071
10430
2073
2232
10434
10435
116931
10437
10438
10439
10440
2074
10443
10444
10445
10446
10447
10449
10450
10451
10452
2077
10454
10455
2078
2079
116966
10471
10472
2081
10474
2282
10477
10479
10480
10481
10482
10483
10484
10486
10487
10488
10489
10490
10491
10492
10493
10494
10495
116983
10497
10498
10499
10500
10501
10505
10507
10509
10512
10513
10514
10516
10518
10519
10521
10523
10524
100288797
10525
10526
10527
10529
10533
10537
10540
10541
10542
10550
10552
10553
10555
10556
10558
10559
10560
10563
10564
10565
10566
100534599
10567
10568
10569
10570
10572
2100
2101
10575
10577
10579
10580
10584
10586
10587
10589
10591
10592
10594
10600
10602
10603
10605
2108
10607
10608
100133234
10611
10612
10613
10614
2109
10616
10617
10618
10620
10621
10622
10623
10625
10627
10628
100132979
10630
10631
2113
10633
10636
10637
2114
10640
10641
10642
10643
10644
10645
2115
10647
10648
117143
2116
10651
10652
10653
10654
10655
10656
10657
10658
10659
10660
10661
117154
117157
10664
2118
10666
2119
10668
10669
10670
10671
10672
10673
2120
10675
2121
10677
10678
2122
10681
10682
117177
117178
10687
2124
10690
10691
2125
10695
10713
10714
10715
10716
10717
10718
10721
10723
10725
10726
10728
10730
10732
10735
10736
10741
10742
10743
2135
10746
10749
117246
117247
10752
117248
10755
10758
10762
10765
10766
10767
10768
10769
10771
10772
10773
10775
10776
10777
256536
10780
10781
10782
10783
10787
10788
117283
117285
117289
10794
10795
10797
2146
10799
10800
10802
2147
10808
10809
10810
2149
10814
10815
10817
10818
2150
150082
2151
100526664
2632
10826
10827
10838
10840
10841
10842
10845
10846
10847
10848
100526693
100526694
10855
2157
10857
10858
2158
10861
10864
10867
10868
10903
10904
10905
10906
10907
10908
2168
10910
10912
10913
10914
10915
10916
2169
2170
10919
100526760
100526761
10920
10921
10922
10923
10926
100526767
10927
10928
10933
10935
10936
10938
10939
10940
10943
10944
10945
10946
10947
10948
10949
10950
10951
10952
10953
100526794
10954
10955
10956
10957
10959
10960
10961
10962
2180
10970
10971
10972
10973
10975
10978
10979
2182
10981
10982
10983
10987
10988
10989
10992
10994
100526835
10999
100526842
2187
11009
11010
11011
11014
11015
11017
11018
11019
11021
11022
11023
2191
11030
11031
11033
11034
11037
2194
11040
11043
2195
11046
2196
11051
11052
11054
2197
11056
11057
11059
2201
117583
117584
2204
2206
2914
117608
2209
2212
2220
2222
2224
11194
2230
11267
11269
11270
11273
11274
11275
11276
100379661
11278
11279
11280
11281
11282
11284
11285
11309
11311
11313
11315
11317
11319
11320
11321
11325
11326
11328
11329
11330
11331
11332
11333
11334
11335
11338
11339
11341
11342
11343
11344
11345
11346
117854
100289635
100289678
100101267
660
101059918
51154
101060200
59352
118424
101928601
118427
118429
118442
118461
118487
51232
100527963
118672
100528020
100528030
118738
114789
118788
2117
100134934
118812
118813
827
118881
135295
118924
4242
118932
118980
118987
100462977
4664
100381270
119391
119392
100463289
119504
119559
4881
100463486
100463488
100463489
100529063
100529097
1015
1018
201780
100529207
100529209
100529211
160851
100529241
100529251
100529261
87178
100996295
120103
120114
100128071
5525
120224
103910
54780
100128327
100144748
54964
120526
100316904
440051
55066
100505385
100996939
677769
100128731
120892
6209
120939
112755
55454
100128927
1260
112849
112858
112885
112936
112937
112939
112950
112970
113000
113026
121227
113146
100129278
121355
113178
113189
107133522
113235
113251
113263
113277
113278
113402
113419
116984
113444
116985
116986
113452
100129583
116987
219972
100129654
113540
7101
113612
100506581
113622
146395
56301
100113407
100129792
100129794
100506658
7222
23635
100506736
113791
113828
113829
113878
114034
114088
100507050
114112
114134
100130311
100507203
7753
114327
100507290
81567
100507341
100130519
100507421
196410
100302652
100310846
8038
114548
114569
114571
100302736
114609
114625
100130776
